Левый корень методом хорд: -0.750 (err: 0.0007838378956097625)
+----+--------+--------+--------+---------+-------+-------+-------+
| №  |   a    |   b    |   x    |   f(a)  |  f(b) |  f(x) | |a-b| |
+----+--------+--------+--------+---------+-------+-------+-------+
| 1  | -2.000 | 0.000  | -0.272 | -22.130 | 3.490 | 2.849 | 2.000 |
| 2  | -2.000 | -0.272 | -0.469 | -22.130 | 2.849 | 1.967 | 1.728 |
| 3  | -2.000 | -0.469 | -0.594 | -22.130 | 1.967 | 1.202 | 1.531 |
| 4  | -2.000 | -0.594 | -0.667 | -22.130 | 1.202 | 0.680 | 1.406 |
| 5  | -2.000 | -0.667 | -0.706 | -22.130 | 0.680 | 0.368 | 1.333 |
| 6  | -2.000 | -0.706 | -0.728 | -22.130 | 0.368 | 0.194 | 1.294 |
| 7  | -2.000 | -0.728 | -0.739 | -22.130 | 0.194 | 0.101 | 1.272 |
| 8  | -2.000 | -0.739 | -0.744 | -22.130 | 0.101 | 0.052 | 1.261 |
| 9  | -2.000 | -0.744 | -0.747 | -22.130 | 0.052 | 0.027 | 1.256 |
| 10 | -2.000 | -0.747 | -0.749 | -22.130 | 0.027 | 0.014 | 1.253 |
| 11 | -2.000 | -0.749 | -0.750 | -22.130 | 0.014 | 0.007 | 1.251 |
+----+--------+--------+--------+---------+-------+-------+-------+
Центральный корень методом простой итерации: 2.955 (err: 0.0009793889544504886)
+----+--------+--------+---------+----------+---------------+
| №  |  x_k   | f(x_k) | x_{k+1} | phi(x_k) | |x_k-x_{k+1}| |
+----+--------+--------+---------+----------+---------------+
| 1  | -0.750 | 0.007  |  -0.754 |  -0.754  |     0.004     |
| 2  | -0.754 | -0.029 |  -0.736 |  -0.736  |     0.018     |
| 3  | -0.736 | 0.121  |  -0.804 |  -0.804  |     0.068     |
| 4  | -0.804 | -0.479 |  -0.345 |  -0.345  |     0.459     |
| 5  | -0.345 | 2.567  |  -1.377 |  -1.377  |     1.031     |
| 6  | -1.377 | -8.002 |  1.754  |  1.754   |     3.130     |
| 7  | 1.754  | -0.550 |  1.811  |  1.811   |     0.058     |
| 8  | 1.811  | -0.705 |  1.880  |  1.880   |     0.069     |
| 9  | 1.880  | -0.876 |  1.960  |  1.960   |     0.079     |
| 10 | 1.960  | -1.051 |  2.047  |  2.047   |     0.087     |
| 11 | 2.047  | -1.213 |  2.139  |  2.139   |     0.092     |
| 12 | 2.139  | -1.344 |  2.233  |  2.233   |     0.094     |
| 13 | 2.233  | -1.432 |  2.325  |  2.325   |     0.092     |
| 14 | 2.325  | -1.469 |  2.412  |  2.412   |     0.087     |
| 15 | 2.412  | -1.454 |  2.493  |  2.493   |     0.081     |
| 16 | 2.493  | -1.393 |  2.565  |  2.565   |     0.073     |
| 17 | 2.565  | -1.297 |  2.629  |  2.629   |     0.064     |
| 18 | 2.629  | -1.178 |  2.685  |  2.685   |     0.056     |
| 19 | 2.685  | -1.048 |  2.733  |  2.733   |     0.048     |
| 20 | 2.733  | -0.915 |  2.773  |  2.773   |     0.040     |
| 21 | 2.773  | -0.788 |  2.807  |  2.807   |     0.034     |
| 22 | 2.807  | -0.669 |  2.835  |  2.835   |     0.028     |
| 23 | 2.835  | -0.563 |  2.858  |  2.858   |     0.023     |
| 24 | 2.858  | -0.470 |  2.877  |  2.877   |     0.019     |
| 25 | 2.877  | -0.389 |  2.892  |  2.892   |     0.016     |
| 26 | 2.892  | -0.320 |  2.905  |  2.905   |     0.013     |
| 27 | 2.905  | -0.263 |  2.915  |  2.915   |     0.010     |
| 28 | 2.915  | -0.214 |  2.924  |  2.924   |     0.008     |
| 29 | 2.924  | -0.175 |  2.931  |  2.931   |     0.007     |
| 30 | 2.931  | -0.142 |  2.936  |  2.936   |     0.005     |
| 31 | 2.936  | -0.115 |  2.941  |  2.941   |     0.004     |
| 32 | 2.941  | -0.093 |  2.944  |  2.944   |     0.004     |
| 33 | 2.944  | -0.075 |  2.947  |  2.947   |     0.003     |
| 34 | 2.947  | -0.061 |  2.949  |  2.949   |     0.002     |
| 35 | 2.949  | -0.049 |  2.951  |  2.951   |     0.002     |
| 36 | 2.951  | -0.040 |  2.953  |  2.953   |     0.002     |
| 37 | 2.953  | -0.032 |  2.954  |  2.954   |     0.001     |
| 38 | 2.954  | -0.026 |  2.955  |  2.955   |     0.001     |
+----+--------+--------+---------+----------+---------------+
Правый корень методом Ньютона: 2.959 (err: 0.014991073231303442)
+---+--------+---------+---------+---------+---------------+
| № |  x_k   |  f(x_k) | f'(x_k) | x_{k+1} | |x_k-x_{k+1}| |
+---+--------+---------+---------+---------+---------------+
| 1 | 10.000 | 637.990 | 225.650 |  7.173  |     2.827     |
| 2 | 7.173  | 186.998 | 101.366 |  5.328  |     1.845     |
| 3 | 5.328  |  54.088 |  46.130 |  4.155  |     1.173     |
| 4 | 4.155  |  15.165 |  21.636 |  3.454  |     0.701     |
| 5 | 3.454  |  3.923  |  10.934 |  3.096  |     0.359     |
| 6 | 3.096  |  0.801  |  6.596  |  2.974  |     0.121     |
| 7 | 2.974  |  0.079  |  5.302  |  2.959  |     0.015     |
+---+--------+---------+---------+---------+---------------+
Корни: -0.750 2.955 2.959
